Barcode,Cluster
AAACCCAAGGAGAGTA-1,1
AAACGCTTCAGCCCAG-1,7
AAAGAACAGACGACTG-1,3
AAAGAACCAATGGCAG-1,3
AAAGAACGTCTGCAAT-1,3
AAAGGATAGTAGACAT-1,7
AAAGGATCACCGGCTA-1,5
AAAGGATTCAGCTTGA-1,1
AAAGGATTCCGTTTCG-1,1
AAAGGGCTCATGCCCT-1,3
AAAGGGCTCCGTAGGC-1,8
AAAGGTACAACTGCTA-1,1
AAAGTCCAGCGGGTTA-1,4
AAAGTCCCACCAGCCA-1,7
AAAGTGATCGTACACA-1,6
AAATGGAAGCCGCTTG-1,1
AAATGGACAATGCTCA-1,1
AAATGGAGTACCGCGT-1,2
AAATGGATCCTATTTG-1,6
AACAAAGGTGATGAAT-1,5
AACAACCAGTAGTCCT-1,1
AACAACCCACGCTATA-1,8
AACAAGAGTTATAGAG-1,1
AACAGGGGTGGGAGAG-1,7
AACCCAACAACTGATC-1,2
AACCCAAGTGGGCTTC-1,5
AACCCAATCTTACCGC-1,2
AACCTGACATCCTATT-1,1
AACCTTTGTTTCGGCG-1,2
AACGAAAAGGTTGGTG-1,8
AACGAAACAGCGTTTA-1,1
AACGAAATCCATTTAC-1,2
AACGGGAGTCGCTCGA-1,1
AACGTCAAGACGCCCT-1,1
AAGAACAAGACCATTC-1,4
AAGAACAAGCCTCAGC-1,1
AAGAACATCTTGCAAG-1,2
AAGACAACACTTCAGA-1,1
AAGACAACAGATCACT-1,1
AAGACAATCCGCGAGT-1,4
AAGCATCAGGTCCGAA-1,3
AAGCATCCAGTCTTCC-1,1
AAGCGTTCACTGATTG-1,1
AAGCGTTTCGCTATTT-1,7
AAGGTAAAGGAAGTAG-1,2
AAGGTAAAGGCCACCT-1,6
AAGGTAAGTCCTTAAG-1,3
AAGTACCAGCGCCTTG-1,5
AAGTACCAGCTCCATA-1,3
AAGTACCCAAAGAACT-1,5
AAGTGAACATCAGCAT-1,2
AAGTGAATCGGAAGGT-1,1
AAGTTCGAGGATACAT-1,3
AAGTTCGGTCAACACT-1,1
AATCGACGTGAGACGT-1,1
AATGAAGCAGTATGAA-1,6
AATGACCGTGTCATCA-1,1
AATGGAACACTCATAG-1,4
AATGGAATCTGATGGT-1,1
AATTCCTTCCATTGGA-1,1
ACAAAGAAGCCTCAAT-1,1
ACAAAGAGTTCCATTT-1,6
ACAACCATCTATCCAT-1,5
ACAACCATCTGCCCTA-1,4
ACAAGCTGTAGGTCAG-1,4
ACACCAAAGAGTCAGC-1,8
ACACGCGGTGTTGCCG-1,1
ACACGCGTCACCTCGT-1,2
ACACGCGTCGCCGTGA-1,1
ACACTGATCACTGATG-1,1
ACACTGATCTTTCCGG-1,2
ACAGAAAAGTATTAGG-1,1
ACAGAAACACCAGCGT-1,1
ACAGCCGTCGCTGTTC-1,5
ACATCCCCACAAATGA-1,3
ACATCCCGTAAGATTG-1,1
ACATCGATCTAAGAAG-1,2
ACATCGATCTGAGAGG-1,3
ACATCGATCTTGGGCG-1,1
ACATGCAGTTGCTTGA-1,1
ACATTTCGTGCCGAAA-1,6
ACATTTCGTTTCTTAC-1,6
ACCACAAAGGCCTTGC-1,1
ACCACAAGTCTGTGGC-1,7
ACCATTTCATTGGGAG-1,5
ACCCAAAGTTGGGAAC-1,2
ACCCTTGGTATCGTAC-1,2
ACCCTTGTCATTTCGT-1,2
ACCTACCCAACGGTAG-1,2
ACCTGAACATGAGAAT-1,3
ACCTGTCTCAAGTCTG-1,5
ACCTGTCTCTCAACGA-1,1
ACGATCAGTCGTTCAA-1,4
ACGATCATCCACGGAC-1,3
ACGATCATCCGTTGGG-1,8
ACGCACGAGAGAGTGA-1,5
ACGGTCGTCACTACGA-1,2
ACGGTTAAGTGCTCAT-1,8
ACGTAACTCATATGGC-1,7
ACGTAACTCTTCGATT-1,1
ACGTACAAGCTGTTCA-1,4
ACGTACACAAAGCTCT-1,1
ACGTACACAGACGATG-1,2
ACGTAGTCACGCCACA-1,8
ACGTAGTCATTAGGAA-1,3
ACGTTCCGTGGGTCAA-1,1
ACTATCTGTGTGTACT-1,2
ACTATGGAGAAATCCA-1,9
ACTCCCAAGGTTGGTG-1,6
ACTCCCATCGTCCTCA-1,5
ACTGATGAGCAGCGAT-1,7
ACTGATGCACCAGCCA-1,7
ACTGTGACAACTCGAT-1,2
ACTTATCTCTAAGGAA-1,1
ACTTCGCAGAACCGCA-1,2
ACTTCGCGTACTCCGG-1,7
ACTTTCAAGTATGACA-1,3
ACTTTCAGTACGCGTC-1,5
AGAAATGTCATTCGTT-1,6
AGAAGCGGTCTAGATC-1,2
AGAAGCGTCTGCGTCT-1,5
AGACAAAGTAGCTTGT-1,1
AGACCATCATTACTCT-1,3
AGACTCATCAACGCTA-1,3
AGACTCATCAGAGCGA-1,1
AGAGAATAGAGGGTCT-1,4
AGAGAATCACCCAACG-1,5
AGAGAGCAGTTGTCGT-1,8
AGAGCAGGTCATAAAG-1,1
AGAGCAGGTTGAGTCT-1,3
AGAGCAGTCGCGCTGA-1,3
AGAGCCCGTCACTCGG-1,4
AGATAGAGTGACACGA-1,1
AGATCGTCAGGACTTT-1,2
AGATGAACAGGCACAA-1,4
AGATGCTGTACGGTTT-1,2
AGATGCTGTGTGGTCC-1,5
AGCATCAGTCGGTGTC-1,1
AGCATCAGTGGTCCGT-1,4
AGCCAATAGTCCCTAA-1,5
AGCCACGCAGGTTCGC-1,2
AGCCACGGTTCCGCGA-1,1
AGCCACGTCCGAGAAG-1,2
AGCCAGCGTAATGCGG-1,3
AGCCAGCGTAGTTAGA-1,3
AGCGTATTCAGTGGGA-1,4
AGCGTCGCATTGACCA-1,5
AGCTACACAGTCGGAA-1,2
AGCTACAGTCGTTTCC-1,6
AGGAAATTCACCATGA-1,1
AGGAATACAAACTCGT-1,4
AGGAATATCATTACGG-1,2
AGGACGAAGACCTTTG-1,2
AGGACGAAGATTAGTG-1,5
AGGACGATCACTGATG-1,3
AGGACGATCCAGTACA-1,8
AGGACTTTCCTACCAC-1,6
AGGATAAAGAACAAGG-1,3
AGGCCACAGGGCCAAT-1,3
AGGCTGCAGGGCTTCC-1,7
AGGCTGCGTGTGTGTT-1,4
AGGGAGTGTGTCGCTG-1,5
AGGGCTCCAATACGCT-1,1
AGGGTCCCAGGACATG-1,1
AGGGTCCCAGTAGTTC-1,2
AGGGTTTCAGCGTGCT-1,1
AGGTAGGAGGAAGTAG-1,4
AGGTAGGCAAAGCGTG-1,1
AGGTCATTCAAGTCGT-1,1
AGGTGTTCATTAAGCC-1,1
AGGTGTTGTCGATTAC-1,3
AGGTGTTTCAATGCAC-1,8
AGGTGTTTCGTTACCC-1,4
AGGTTACAGGTGCGAT-1,5
AGGTTACGTCTGATAC-1,1
AGTAACCCAAGCTCTA-1,1
AGTAACCTCGTTGTAG-1,3
AGTACCAGTGGGTCAA-1,1
AGTACCATCAGCTTGA-1,2
AGTAGCTAGGAGTACC-1,7
AGTAGCTCACTGCTTC-1,6
AGTAGCTCAGGCACTC-1,1
AGTAGCTGTTAGAAAC-1,1
AGTAGTCGTATGACAA-1,5
AGTCAACAGTCATGCT-1,1
AGTCAACGTACACGCC-1,5
AGTCTCCCAACCGTGC-1,4
AGTCTCCGTGAGTCAG-1,2
AGTGCCGCATCTGGGC-1,2
AGTTAGCAGTCAGGGT-1,3
AGTTAGCGTACCATAC-1,7
AGTTAGCGTTCATCGA-1,2
AGTTCCCCAAACAGGC-1,2
AGTTCCCGTTACACTG-1,3
AGTTCGAGTATGCGTT-1,7
ATACCGACACACGGTC-1,3
ATACTTCGTACGACTT-1,1
ATACTTCGTTCGGTAT-1,5
ATACTTCTCAGCTGAT-1,5
ATACTTCTCGCCGTGA-1,4
ATAGACCTCCGCTTAC-1,2
ATAGGCTGTGTTACAC-1,1
ATATCCTGTATGAGCG-1,4
ATCACAGAGACGTCCC-1,1
ATCACAGCATGACGTT-1,1
ATCACGATCCGCAACG-1,8
ATCACTTGTGGCTGCT-1,1
ATCCACCCAGCAGTGA-1,2
ATCCACCCATGTCTAG-1,4
ATCCACCGTTTGTTGG-1,1
ATCCATTAGACGCAGT-1,7
ATCCCTGCAATTTCTC-1,3
ATCCGTCCAACTCCCT-1,4
ATCCTATGTCTGTGCG-1,4
ATCGATGCAACGGCTC-1,7
ATCGATGGTCAATCTG-1,2
ATCGGATAGGAAAGGT-1,4
ATCGGCGAGTCCTACA-1,3
ATCGTAGCATCGGAGA-1,6
ATCGTCCAGCCTGAAG-1,1
ATCGTCCGTATGAGGC-1,1
ATCGTCCTCGGAGCAA-1,1
ATCGTGAAGCAGATAT-1,6
ATCTCTACAAGAAACT-1,1
ATCTCTAGTCGTGGTC-1,8
ATCTTCAAGAAGAGCA-1,1
ATCTTCACATACTGAC-1,1
ATCTTCAGTCTCTCCA-1,1
ATCTTCATCTCATAGG-1,2
ATGAAAGTCCTTATGT-1,2
ATGACCAAGGCTAACG-1,1
ATGACCACAATATCCG-1,4
ATGAGTCTCCAGTTCC-1,7
ATGATCGGTCGAACAG-1,7
ATGCGATGTGCTCTTC-1,5
ATGCGATGTTGTAGCT-1,2
ATGGATCGTAGATTGA-1,4
ATGGATCTCGACCTAA-1,4
ATGGGAGAGACGTCCC-1,4
ATGGGAGCACTCCGGA-1,1
ATGGGAGTCCACTGAA-1,1
ATGGTTGTCACGGAGA-1,1
ATGTCCCCAGGAATCG-1,2
ATGTCCCCATAGGTTC-1,8
ATGTCCCGTCCTACGG-1,1
ATTACTCCAGCTTTGA-1,3
ATTACTCGTTGCAACT-1,3
ATTCACTAGAAGGCTC-1,3
ATTCACTTCTCCGCAT-1,8
ATTCAGGCAAGTATCC-1,1
ATTCAGGCATAGCTGT-1,1
ATTCAGGTCTTCGTGC-1,8
ATTCCATCACGACTAT-1,6
ATTCCCGAGTCACTCA-1,3
ATTCCTACATGAGATA-1,1
ATTCGTTCAGTCTTCC-1,2
ATTCGTTGTAACACCT-1,4
ATTCGTTGTGTAGCAG-1,4
ATTCGTTGTGTTCAGT-1,8
ATTCGTTGTTCTTGTT-1,1
ATTCTACTCTCGTGAA-1,3
ATTCTTGAGTTCCAGT-1,3
ATTCTTGGTACAATAG-1,2
ATTTCACAGTGCAAAT-1,1
ATTTCACGTGGATACG-1,1
ATTTCTGCAAGGTCTT-1,1
ATTTCTGGTATCCTCC-1,4
ATTTCTGTCGATGCAT-1,1
ATTTCTGTCGGCCAAC-1,5
CAAAGAACACATATCG-1,6
CAAAGAACAGCTGTTA-1,2
CAAAGAAGTTCTCCCA-1,1
CAACAACTCGATACTG-1,2
CAACAGTCATCCGTTC-1,6
CAACAGTTCGAGCACC-1,4
CAACCAAGTTAGAAAC-1,6
CAACCTCGTATCGGTT-1,2
CAACGATAGACGGAAA-1,1
CAACGATAGCCTAGGA-1,1
CAACGATCAAAGCACG-1,6
CAACGATTCAAGCCCG-1,1
CAAGACTAGTGGAAAG-1,2
CAAGACTTCAATCGGT-1,1
CAAGAGGTCTTCACGC-1,1
CAAGCTAGTGGCTGCT-1,1
CAAGGGAAGAGTCGAC-1,5
CAATCGAAGAGGATCC-1,8
CAATCGATCCGTACGG-1,8
CAATGACTCAAGCCCG-1,4
CAATTTCAGATTGCGG-1,9
CACACAACAAGAAACT-1,8
CACACAACACGAGGAT-1,1
CACAGATCACTCCGAG-1,1
CACAGATCATCATGAC-1,1
CACAGATGTTCCGTTC-1,1
CACAGGCCAACGATCT-1,5
CACATGAGTTTCGACA-1,3
CACCAAAAGGACATCG-1,1
CACCGTTCACCCTAGG-1,5
CACGAATCACATAGCT-1,6
CACGAATTCAAGTCGT-1,2
CACGGGTAGCATTTGC-1,1
CACGGGTTCCCGATCT-1,6
CACGTTCCAGCTTCCT-1,1
CACGTTCTCTATCACT-1,6
CACTAAGGTGATAGTA-1,8
CACTGAAGTCTTTCTA-1,7
CACTGAATCCTGATAG-1,1
CACTGGGAGGCGACAT-1,1
CACTGGGAGTTACTCG-1,1
CACTGGGGTCGCACAC-1,1
CACTGTCCACATATGC-1,7
CACTTCGTCACCTACC-1,1
CAGAGCCGTGCCCGTA-1,2
CAGATACTCGTTCCCA-1,6
CAGATTGAGAACGTGC-1,2
CAGATTGAGCTGAGCA-1,4
CAGATTGGTGACTAAA-1,7
CAGCAATGTATCGTTG-1,1
CAGCAGCTCAGAGTTC-1,6
CAGCCAGGTGGGTTGA-1,1
CAGCGTGTCCATCACC-1,4
CAGGCCAGTTCAATCG-1,3
CAGGCCATCACTCACC-1,8
CAGGCCATCCACTAGA-1,1
CAGGGCTAGATTGGGC-1,2
CAGGGCTTCGACGAGA-1,5
CAGGTATGTCAGTCTA-1,3
CAGGTATGTGTAAATG-1,7
CAGTTAGTCGGCCCAA-1,6
CAGTTCCCAATCGTCA-1,2
CATAAGCGTAGCGCTC-1,8
CATAAGCTCCGTGTGG-1,1
CATACTTTCAACGAGG-1,6
CATCAAGAGCGCCGTT-1,2
CATCAAGGTATGGTTC-1,7
CATCAAGGTTGTCCCT-1,3
CATCCGTGTATCGCTA-1,3
CATCGGGTCGCTACAA-1,6
CATCGTCTCCGTTGAA-1,2
CATGAGTCACCATTCC-1,2
CATGCCTCAATTGCTG-1,4
CATGCCTCAGGCTATT-1,2
CATGCCTGTTCCGCAG-1,1
CATGCGGTCGGTCGAC-1,3
CATGCTCGTCTCTCAC-1,6
CATTCTAGTAGCTTGT-1,6
CATTCTATCAGTAGGG-1,1
CATTGAGAGGGACCAT-1,1
CATTTCATCTCTCTTC-1,1
CCAAGCGAGCTAATCC-1,3
CCAAGCGAGGTTCATC-1,1
CCAATGAAGGTCACTT-1,3
CCAATTTCAAAGGCTG-1,8
CCAATTTCATTCGATG-1,2
CCACACTCAGGACTTT-1,1
CCACCATAGGTCATCT-1,8
CCACGAGTCTTCCTAA-1,1
CCACGTTTCATCAGTG-1,7
CCACGTTTCGTGAGAG-1,4
CCACGTTTCTGCTGAA-1,4
CCACTTGCAGCTATTG-1,3
CCACTTGTCGCAGAGA-1,1
CCATAAGGTGAGGAAA-1,1
CCATCACCATTAAAGG-1,7
CCATCACTCTAACACG-1,1
CCCGGAATCAAACCCA-1,3
CCCTAACCAGGTTCGC-1,2
CCCTAACGTAACTGCT-1,1
CCCTTAGGTTTCCAAG-1,8
CCGAACGAGCTAAGTA-1,2
CCGAACGAGGAACGCT-1,1
CCGATCTGTGGAGGTT-1,1
CCGATGGGTTCTCGCT-1,1
CCGATGGTCACCTCTG-1,6
CCGATGGTCTGTCGCT-1,4
CCGCAAGCATTCAGGT-1,3
CCGCAAGGTACCAGAG-1,3
CCGGACAGTGATACCT-1,1
CCGGGTACACTCCGAG-1,1
CCGGTAGGTAGTACGG-1,2
CCGTAGGGTTCCCACT-1,2
CCGTAGGTCATACAGC-1,7
CCGTGAGAGAGGTCAC-1,2
CCGTGAGTCGCCTTTG-1,4
CCGTTCACAGAAGCTG-1,3
CCTAAGAAGACTCTAC-1,4
CCTATCGAGACAGCGT-1,1
CCTCAACTCTTAGCCC-1,4
CCTCAGTAGCAAGGAA-1,6
CCTCAGTCATGATGCT-1,4
CCTCAGTTCCGAGCTG-1,6
CCTCATGCACTATGTG-1,2
CCTCATGGTTTCGCTC-1,2
CCTCATGTCTCTCAAT-1,1
CCTCCAAAGGCCCGTT-1,1
CCTCCAACAACCCTCT-1,6
CCTCCAACACAATGAA-1,4
CCTCCTCAGTCCCGAC-1,7
CCTCCTCCATTCAGGT-1,4
CCTCCTCTCAAGCGTT-1,2
CCTCTAGCAGACCTAT-1,1
CCTCTCCTCGTTCCTG-1,1
CCTGCATAGTGGTGAC-1,1
CCTGCATCAACGGGTA-1,8
CCTGCATGTTCTTAGG-1,5
CCTGTTGGTGTGCCTG-1,1
CCTGTTGTCAAGAGTA-1,7
CCTTCAGAGGAACGTC-1,8
CCTTCAGCACAGAGCA-1,7
CGAAGGATCGACGCGT-1,5
CGAATTGGTCTGTTAG-1,3
CGAGAAGTCAAGTTGC-1,5
CGAGAAGTCCAATGCA-1,1
CGAGGAAAGTCGCGAA-1,3
CGAGGAACACTGATTG-1,7
CGAGGCTCAGATCACT-1,7
CGAGGCTCAGCATGCC-1,1
CGAGTGCGTTCCGCGA-1,6
CGAGTTAGTCGAGTTT-1,1
CGATCGGCAATTGGTC-1,1
CGATCGGCAGCGTGAA-1,2
CGATGCGAGCAGAAAG-1,2
CGATGCGTCGAACCAT-1,4
CGATGGCCACTCGATA-1,5
CGATGGCGTAGCGTCC-1,2
CGCAGGTGTGCTTCAA-1,6
CGCATAAAGTGATGGC-1,1
CGCGTGAGTACAATAG-1,3
CGGAACCGTATCACGT-1,1
CGGAACCGTTTGCAGT-1,3
CGGACACAGGACAGCT-1,1
CGGGACTGTTTCACTT-1,2
CGGGTGTTCCGTGACG-1,1
CGTAAGTGTGATAGTA-1,2
CGTAGTATCAGCCCAG-1,3
CGTCAAACAGAATGTA-1,2
CGTCCATGTTTGGAAA-1,5
CGTGAATAGTCGGCCT-1,4
CGTGCTTAGCTTTGTG-1,1
CGTGCTTCAAGCGCTC-1,1
CGTGCTTGTTTAGACC-1,5
CGTGTCTCACAGTACT-1,2
CGTGTCTCATGGGTTT-1,5
CGTGTCTGTCAGTTTG-1,1
CGTTAGATCAGCCTCT-1,1
CGTTAGATCATTATCC-1,1
CGTTAGATCCAAGAGG-1,1
CGTTCTGTCAGCGCAC-1,2
CGTTCTGTCCCGAACG-1,2
CTAACCCAGCCGCTTG-1,5
CTAACCCCACTTCAAG-1,4
CTAACTTAGCCTCACG-1,8
CTAAGTGCACAATGCT-1,7
CTAAGTGGTCCACTCT-1,8
CTACAGACAACAAAGT-1,5
CTACCTGTCTCGAACA-1,1
CTACGGGTCGTTCAGA-1,3
CTAGACAGTCGTGGTC-1,1
CTAGACAGTCTAACTG-1,1
CTAGGTATCTAACGCA-1,7
CTATCCGAGCTGTTAC-1,2
CTCAACCGTGGATGAC-1,2
CTCAACCGTGTGTCGC-1,10
CTCAAGAAGATTACCC-1,3
CTCAAGAGTCAAAGAT-1,2
CTCAATTTCGGAAGGT-1,1
CTCACTGCACCTTCCA-1,3
CTCAGAACAATTGTGC-1,10
CTCAGGGGTCATCGCG-1,1
CTCAGGGTCTCACCCA-1,1
CTCAGTCAGGGACAGG-1,2
CTCATCGAGAGGCGTT-1,4
CTCATCGTCGTACCTC-1,4
CTCATTAAGGAAGTGA-1,1
CTCATTATCGTACACA-1,3
CTCCAACCAATCTCTT-1,2
CTCCAACGTAGTGTGG-1,3
CTCCATGAGACAGCTG-1,7
CTCCATGGTGTTGACT-1,1
CTCCATGTCATCGTAG-1,5
CTCCATGTCGTCGATA-1,1
CTCCCAATCAATCAGC-1,2
CTCCCTCAGCGCGTTC-1,1
CTCCCTCCACCGGAAA-1,1
CTCCCTCGTTTACGAC-1,3
CTCCCTCTCATCGCTC-1,2
CTCCGATTCCTTTAGT-1,2
CTCCGATTCTTTCTAG-1,4
CTCCTCCTCACCTCTG-1,3
CTCCTTTAGATGCTGG-1,1
CTCCTTTTCTACACTT-1,6
CTCGAGGAGCCTATTG-1,4
CTCGAGGAGGAAAGGT-1,6
CTCTCAGGTTAAGCAA-1,5
CTCTCGATCCATAGGT-1,7
CTCTGGTAGTAGGATT-1,1
CTGAATGAGCTCTATG-1,1
CTGAATGAGGCGAACT-1,5
CTGAGGCGTTCAGCGC-1,7
CTGATCCGTCGCGTCA-1,8
CTGATCCTCCCTCTAG-1,3
CTGATCCTCTCTCCGA-1,8
CTGCAGGAGCCATTGT-1,4
CTGCATCGTAAGCTCT-1,8
CTGCCATTCAGTGTTG-1,2
CTGCCATTCGGAACTT-1,1
CTGCCTACAAGACTGG-1,1
CTGCCTATCTTGATTC-1,7
CTGCGAGAGATTAGAC-1,1
CTGCGAGAGTGCACTT-1,1
CTGCGAGCAGATTCGT-1,7
CTGCGAGGTAGGTTTC-1,6
CTGCTCACAGCGTTTA-1,1
CTGGACGCAACGATTC-1,3
CTGGACGCACACGGTC-1,1
CTGGACGGTTCCCAAA-1,3
CTGGACGTCTCATTTG-1,1
CTGGCAGGTTGCAAGG-1,1
CTGGCAGTCGTCTCAC-1,2
CTGTCGTAGCTGGCCT-1,3
CTGTGAAAGGAACGCT-1,1
CTGTGAATCATCGCTC-1,1
CTGTGGGGTCGTGATT-1,5
CTTCAATGTTGGACTT-1,3
CTTCGGTCACGTTCGG-1,3
CTTCGGTTCCAAGAGG-1,7
CTTCTCTTCCTACAAG-1,3
CTTGAGAAGAATTGCA-1,9
CTTGATTAGGTAGGCT-1,2
GAACACTGTTGGACTT-1,4
GAACGTTGTCAGGAGT-1,1
GAACTGTCATCGAACT-1,4
GAACTGTTCTCAAAGC-1,5
GAAGAATAGGTACAAT-1,1
GAAGCCCCAGGAACCA-1,1
GAAGCGATCAGTAGGG-1,8
GAAGGACGTCTGCCTT-1,1
GAAGGGTTCGCAGATT-1,8
GAAGTAAGTCTAGATC-1,8
GAATCACCAGTGGTGA-1,2
GACACGCCAGTCCGTG-1,7
GACACGCGTTCCAAAC-1,7
GACAGCCGTATCGTGT-1,2
GACCCTTCAGCGTATT-1,1
GACCCTTCATCATCTT-1,5
GACCTTCCACCTGCGA-1,1
GACCTTCGTCGAGCTC-1,8
GACTATGCATCATTGG-1,1
GACTATGTCCAAGGGA-1,2
GACTCAATCTCCCAAC-1,1
GACTGATTCATCCTAT-1,3
GACTTCCTCCTCTAGC-1,4
GAGAAATCATTGGATC-1,8
GAGACCCAGTAGGATT-1,1
GAGACTTAGTCACTCA-1,2
GAGACTTCAGGCTATT-1,1
GAGAGGTTCATAGACC-1,5
GAGATGGCATGTAACC-1,3
GAGCCTGAGGCAGCTA-1,1
GAGCCTGCAGTCTCTC-1,2
GAGCCTGGTCCACGCA-1,2
GAGCTGCGTCGGATTT-1,1
GAGGCAAAGTCACGAG-1,2
GAGGGATCACTTGGCG-1,5
GAGGGTACAGTTTCAG-1,8
GAGGGTAGTCAACACT-1,6
GAGGGTATCTGTCCCA-1,6
GAGTCATAGGGTTGCA-1,7
GAGTGAGGTCGGCTAC-1,4
GAGTGTTCACAAGCTT-1,7
GAGTGTTGTACGTAGG-1,2
GAGTTACAGACGACGT-1,2
GAGTTGTAGCGTTACT-1,1
GAGTTGTAGTGCGTCC-1,1
GAGTTGTCACGGTGCT-1,8
GATAGCTGTCGGAAAC-1,1
GATAGCTGTCTGTTAG-1,2
GATAGCTTCGTGCAGC-1,4
GATCACACACCCTGTT-1,5
GATCAGTAGGAACATT-1,7
GATCAGTAGTGCGCTC-1,2
GATCAGTGTTACAGCT-1,6
GATCATGAGGCCTAAG-1,3
GATCCCTAGAGGATGA-1,5
GATCCCTGTAATTAGG-1,2
GATCGTACAGCGCGTT-1,6
GATCGTATCTCTGGTC-1,2
GATGACTTCGTGGCGT-1,4
GATGACTTCTCTAGGA-1,7
GATGAGGCAAATGCGG-1,3
GATGATCGTATGGAAT-1,3
GATGATCGTGTAACGG-1,7
GATGCTAGTACAGGTG-1,3
GATGCTATCCTACGAA-1,3
GATGGAGAGCCAGACA-1,7
GATGGAGCACTTGAAC-1,5
GATGGAGTCTGCGGCA-1,4
GATGGAGTCTTCCAGC-1,1
GATTCTTGTACAGTCT-1,3
GATTGGTGTTGAGAGC-1,2
GATTTCTCAAGTGGGT-1,2
GATTTCTTCCTTCAGC-1,7
GCAACCGTCATTTCCA-1,2
GCAACCGTCGAACGGA-1,7
GCACGGTAGTAGTCTC-1,3
GCACGGTCACCCAACG-1,7
GCACGTGTCAGACATC-1,2
GCAGCCAAGAGGTCAC-1,6
GCAGCCACATACATCG-1,7
GCAGCCAGTTGCGTAT-1,5
GCAGCCATCACCGGGT-1,5
GCAGCTGGTAAGTTAG-1,1
GCAGCTGGTGGGTCAA-1,6
GCAGCTGTCAAAGCCT-1,1
GCAGCTGTCCTTCTGG-1,2
GCAGTTACACATTCTT-1,1
GCAGTTATCTCTCTTC-1,1
GCATCGGGTAACGATA-1,1
GCCAACGTCTAACGCA-1,2
GCCAACGTCTGCATAG-1,1
GCCAGGTGTTAGAAAC-1,8
GCCAGTGAGTCCTACA-1,4
GCCGATGAGTAACCTC-1,2
GCCGATGCATCTTTCA-1,7
GCCGTGACAACGACTT-1,1
GCCGTGACATGCCGGT-1,3
GCCGTGAGTCAGTCCG-1,8
GCCTGTTCACAGTCAT-1,1
GCGAGAAAGTTGTAGA-1,1
GCGAGAATCCTCAGAA-1,3
GCGGAAAGTGTGTCCG-1,2
GCGGATCAGCAACTTC-1,1
GCTACAAGTCAGCTTA-1,8
GCTACCTCACGCACCA-1,1
GCTACCTGTCCTACAA-1,1
GCTGAATAGCACTCTA-1,3
GCTGAATCACACGGAA-1,1
GCTGAATTCGTTAGTG-1,1
GCTGCAGAGGGCAGAG-1,7
GCTGCAGGTGCTGATT-1,2
GCTGCAGGTTGACGGA-1,1
GCTGGGTAGTACAACA-1,8
GCTTCACCAACACGAG-1,1
GCTTGGGAGAAGGTAG-1,1
GCTTTCGAGTGCAAAT-1,1
GCTTTCGGTTCGGGTC-1,3
GCTTTCGTCCGGTAGC-1,3
GCTTTCGTCTGGGTCG-1,1
GGAACCCAGCCATTTG-1,1
GGAACCCTCTAATTCC-1,6
GGAAGTGCAACCCTCT-1,6
GGAATCTCAAACTGCT-1,3
GGAATCTTCAATCTCT-1,3
GGAATGGAGGACTAAT-1,1
GGAATGGCACGACGCT-1,4
GGACGTCGTTCAACGT-1,1
GGAGAACGTGCCCACA-1,1
GGAGGATGTATGAAAC-1,1
GGAGGTAAGGCGTTGA-1,1
GGAGGTATCTGGTGCG-1,1
GGATCTAGTGCCTGCA-1,8
GGATCTATCACCTACC-1,3
GGATCTATCATAAGGA-1,4
GGATGTTAGCCGGATA-1,4
GGCTGTGCAAAGCTAA-1,2
GGCTGTGCACGGTGAA-1,7
GGCTGTGGTCCACATA-1,5
GGCTTGGCACCGAATT-1,3
GGCTTGGGTAGATCGG-1,8
GGCTTGGTCTTCTTCC-1,4
GGGACAATCCGATCTC-1,1
GGGACCTGTTCTTGTT-1,3
GGGACTCCACATATCG-1,5
GGGACTCCACGGGCTT-1,1
GGGAGATCACGGGTAA-1,9
GGGAGATTCACGGACC-1,7
GGGAGTAAGCAGGCAT-1,1
GGGAGTATCACCTCGT-1,1
GGGAGTATCTTAGCCC-1,1
GGGATCCAGGGCAATC-1,2
GGGATGAAGGGAGGGT-1,3
GGGATGAAGTCCCGAC-1,3
GGGCCATTCAGACCGC-1,1
GGGCTACAGACCAAAT-1,6
GGGCTACAGGCAGTCA-1,8
GGGCTCATCGCAATTG-1,3
GGGTAGAAGTAGGGTC-1,5
GGGTCACCAGGAGGTT-1,5
GGGTCACGTCCTTAAG-1,1
GGGTCACTCACAAGGG-1,1
GGGTCTGGTTTGAAAG-1,6
GGGTCTGTCCCGTTCA-1,1
GGGTGAACATAAGCAA-1,3
GGGTTATCAGCCATTA-1,2
GGGTTTACACAGAGCA-1,1
GGGTTTACACTAAACC-1,4
GGTAATCCAAAGGAGA-1,3
GGTAATCCACAGCATT-1,6
GGTAATCCATACCACA-1,1
GGTAATCTCAAGTTGC-1,1
GGTAGAGAGACCAGCA-1,1
GGTCACGCAATGGCCC-1,3
GGTCACGGTCGTGATT-1,5
GGTCTGGTCAGACATC-1,2
GGTCTGGTCTCCCAAC-1,4
GGTGATTAGCTGTACT-1,4
GGTGATTCAGCTCGGT-1,1
GGTGGCTGTGCGCTCA-1,2
GGTGTCGCAACGATCT-1,1
GGTGTCGGTGTTATCG-1,7
GGTGTTAGTGGATTTC-1,4
GGTTCTCCAGGTTCCG-1,1
GGTTGTATCGAAGGAC-1,5
GTAACACAGAAAGCGA-1,2
GTAACACAGCTCCGAC-1,1
GTAACACGTAGATGTA-1,2
GTAACACGTGGCGTAA-1,1
GTAAGTCTCGATTGGT-1,3
GTAATCGCAGTTTCGA-1,3
GTAATCGGTTGCGAAG-1,2
GTAATGCCACCAGTAT-1,1
GTACAACAGATAGCTA-1,2
GTAGAAACATGGACAG-1,1
GTAGAAATCTGAGATC-1,1
GTAGAGGCAACTTCTT-1,6
GTAGATCCATCCCGTT-1,3
GTAGCTATCTCATGGA-1,1
GTAGGAGTCCGTCACT-1,2
GTAGGTTCAGAAGCGT-1,4
GTAGGTTGTGTTCGTA-1,2
GTAGTACCACCCTATC-1,1
GTAGTACTCTGTGTGA-1,2
GTATTTCAGAAGAGCA-1,8
GTCAAACCAAGCACCC-1,3
GTCACGGAGCGGGTTA-1,2
GTCACGGCACCGTACG-1,2
GTCACTCTCTTGAACG-1,2
GTCATGAAGTTTGGCT-1,1
GTCATGACATTGGATC-1,6
GTCATTTCAAGAGAGA-1,3
GTCATTTTCCTAGAGT-1,2
GTCCCATCATGCCGAC-1,3
GTCCTCAAGTCACGAG-1,6
GTCGAATAGGAGTATT-1,7
GTCGAATCAGAACCGA-1,1
GTCGAATGTCAAGCGA-1,1
GTCGCGAAGCAGCGAT-1,2
GTCGCGAGTTTACCTT-1,2
GTCTACCCAGGAAGTC-1,3
GTCTAGAGTATGTCAC-1,1
GTCTAGATCGAGAGAC-1,8
GTCTGTCAGATACGAT-1,8
GTCTGTCTCGAGCCTG-1,5
GTGAGCCGTGATCGTT-1,2
GTGAGCCTCTGGAAGG-1,1
GTGAGGAAGCATTGAA-1,4
GTGAGGACACAACATC-1,8
GTGAGGACACTTTAGG-1,2
GTGAGTTTCCAATGCA-1,3
GTGATGTAGACATCAA-1,1
GTGCGTGAGCTTCTAG-1,1
GTGCTGGCAGGCTACC-1,3
GTGCTGGTCAAACCTG-1,5
GTGCTTCAGACCATAA-1,1
GTGCTTCCACTCATAG-1,2
GTGCTTCGTCGCTTGG-1,1
GTGGAAGAGCCAAGTG-1,3
GTGGCGTAGAATAACC-1,2
GTGGCGTCAATCGAAA-1,6
GTGGGAAAGGTCGTAG-1,7
GTGGGAACATGAGTAA-1,5
GTGGTTAAGTAACCGG-1,2
GTGTAACTCTTGGTGA-1,3
GTGTCCTAGTCGGCCT-1,2
GTGTCCTCAGTTGTTG-1,3
GTGTCCTGTGGCCTCA-1,5
GTGTGATCACTACGGC-1,3
GTGTGATTCTTACGTT-1,2
GTGTGGCAGGTACTGG-1,1
GTGTGGCAGGTAGTCG-1,5
GTGTGGCTCACCACAA-1,3
GTGTTCCGTAGTTCCA-1,3
GTTACAGAGTGTAGTA-1,5
GTTACAGCAAATCAGA-1,1
GTTACGAGTATGAGAT-1,1
GTTAGTGAGAACGTGC-1,6
GTTAGTGCACCTCTAC-1,1
GTTATGGTCGTTCCTG-1,2
GTTCCGTAGTTGCCCG-1,1
GTTCCGTCACCCGTAG-1,2
GTTCTATCAAATGAGT-1,2
GTTCTATCACGTGTGC-1,1
GTTCTATTCTACACTT-1,3
GTTGAACAGGAACATT-1,2
GTTGAACGTACCCGCA-1,1
GTTGCGGAGCTGCCTG-1,3
GTTGCTCAGTTTCGAC-1,3
GTTGCTCTCATTTCCA-1,3
GTTGTAGCAGTTCTAG-1,9
GTTGTGATCTCGGTCT-1,5
GTTTGGAGTGTATACC-1,2
TAACGACCACATATGC-1,8
TAACGACGTGCCTACG-1,6
TAACTTCGTTGTGGAG-1,3
TAAGCACAGAAGCTGC-1,8
TAAGCACTCACCATAG-1,4
TAAGCCATCTGGCCTT-1,4
TAAGCGTTCGTTGCCT-1,4
TAAGCGTTCTGTCGTC-1,6
TAATTCCCACTCCGGA-1,6
TAATTCCGTATTGACC-1,1
TAATTCCGTCAGTCCG-1,6
TACAACGCAAAGGTTA-1,4
TACAACGCATAGATCC-1,5
TACACCCTCGACTCCT-1,3
TACAGGTTCCTTACCG-1,3
TACATTCGTGGCTTAT-1,3
TACCTCGCACCCAACG-1,5
TACCTGCAGTCTGCAT-1,6
TACCTGCTCCAAGCTA-1,7
TACGCTCTCTCGGTCT-1,1
TACGCTCTCTTAAGGC-1,3
TACGGGCTCAACGAGG-1,4
TACGGGCTCTACCACC-1,3
TACGTCCCAAGTGATA-1,1
TACGTCCCATGTGTCA-1,2
TACTTCATCATGCCGG-1,3
TAGACCAGTCTCGGGT-1,2
TAGACTGAGATTGTGA-1,8
TAGACTGGTCTTGAAC-1,1
TAGACTGTCGCCGAGT-1,1
TAGAGTCGTTGTGTAC-1,1
TAGATCGCAAATGGTA-1,1
TAGATCGCACACGCCA-1,3
TAGATCGTCACAACCA-1,1
TAGCACAAGTACTCGT-1,1
TAGGAGGCAAGACCTT-1,3
TAGGAGGGTTCCAGGC-1,7
TAGGGTTAGAGAGCGG-1,3
TAGGGTTAGGAACATT-1,6
TAGGTACGTGTCATCA-1,1
TAGGTACTCGAAGCAG-1,2
TAGTGCACACTCGATA-1,1
TAGTGCACAGAGGAAA-1,1
TATACCTGTTCTCGTC-1,8
TATACCTTCTGTCCGT-1,1
TATATCCCATGCGTGC-1,6
TATCGCCTCTCCCAAC-1,1
TATCTTGTCCATCTCG-1,4
TATGTTCAGTATGGAT-1,2
TATTGCTTCTCGAACA-1,3
TCAAGCATCCACTTTA-1,4
TCAATCTAGAGGTTTA-1,5
TCAATCTGTTTCCCAC-1,7
TCACAAGGTAGTGGCA-1,5
TCACAAGGTGGATACG-1,1
TCACACCCACCAGCCA-1,1
TCACACCGTCTCACGG-1,8
TCACACCGTTAAACCC-1,1
TCACACCTCTGGGAGA-1,3
TCACACCTCTTACCAT-1,6
TCACATTCAGAACTAA-1,1
TCACATTCATGCCATA-1,5
TCACGCTAGGACATCG-1,6
TCACGCTGTCTGCCTT-1,5
TCACGCTTCACTAGCA-1,3
TCACGCTTCGGACTGC-1,6
TCACGGGCAACCGACC-1,1
TCACTATGTTTAGACC-1,2
TCACTCGCAAAGCAAT-1,1
TCACTCGGTCAACCAT-1,4
TCACTCGTCGGTCATA-1,1
TCAGCAACAAATCAAG-1,1
TCAGCAAGTATGACAA-1,3
TCAGGGCTCATGCGGC-1,3
TCAGGTACAATCGCAT-1,6
TCAGGTAGTATGGTAA-1,5
TCAGTCCGTAAGATCA-1,1
TCAGTCCGTCTCTCAC-1,4
TCAGTTTAGGATATAC-1,1
TCATACTCAGGTACGA-1,2
TCATACTTCAGAGCAG-1,4
TCATATCCATGCTGCG-1,3
TCATCATAGCACACAG-1,1
TCATCATGTTGCACGC-1,1
TCATCCGTCCAACTGA-1,5
TCATGCCCAAAGCGTG-1,2
TCATGCCGTGTCTTAG-1,3
TCATGTTAGAGGCGGA-1,7
TCATGTTGTGTGTGTT-1,2
TCATTACGTGCATGAG-1,2
TCATTGTGTGAGCAGT-1,5
TCCATCGGTTTAGTCG-1,7
TCCCACACAGACCAAG-1,1
TCCCAGTAGACCGTTT-1,1
TCCCAGTTCGACATAC-1,1
TCCCATGTCGGCCCAA-1,6
TCCGATCTCAAACCTG-1,5
TCCTCCCAGTCTAACC-1,1
TCCTCGATCTCTCGAC-1,2
TCCTCTTAGAGTGAAG-1,1
TCCTCTTAGCCAAGGT-1,2
TCCTTCTCAACTCGTA-1,4
TCCTTTCTCGCTGTCT-1,1
TCGAAGTGTATCAGGG-1,2
TCGACCTCAAAGACTA-1,3
TCGACCTCAAGTAGTA-1,5
TCGACGGTCGAAGTGG-1,8
TCGATTTGTACGCTTA-1,3
TCGCAGGAGATTGACA-1,8
TCGCAGGGTAGGCTCC-1,3
TCGCAGGGTTCTAACG-1,2
TCGCTCACAAGATTGA-1,2
TCGCTTGAGAGACAAG-1,3
TCGCTTGAGCATTTGC-1,4
TCGGGACGTAACGGTG-1,6
TCGGGACTCTAGATCG-1,2
TCGGGCATCCGATTAG-1,3
TCGGGCATCTGAACGT-1,1
TCGGGTGCAGTCTGGC-1,1
TCGGTCTTCATTGCTT-1,4
TCGGTCTTCGACATAC-1,5
TCGTAGACAATGAAAC-1,1
TCGTGCTGTGATCATC-1,3
TCTAACTAGGTCCAGA-1,6
TCTACCGCAGTCGTTA-1,5
TCTACCGTCCACGGAC-1,3
TCTATACGTTATCCAG-1,1
TCTATCAGTATGCTAC-1,1
TCTATCAGTTGCCGAC-1,3
TCTCACGAGGCTCCCA-1,2
TCTCCGAAGTCAATCC-1,1
TCTCCGATCTCTCTTC-1,6
TCTCTGGCAAAGCAAT-1,1
TCTGCCAAGTTACGGG-1,4
TCTGCCAGTAACGCGA-1,1
TCTGCCAGTAGATGTA-1,1
TCTGGCTCATCCTGTC-1,6
TCTGTCGAGACTAGAT-1,1
TCTGTCGCACCAGCGT-1,2
TCTTAGTAGGCCTGCT-1,3
TCTTAGTCAACACGAG-1,1
TCTTAGTGTTGCCAAT-1,1
TCTTAGTTCAGAATAG-1,2
TCTTGCGAGATGAAGG-1,5
TCTTGCGCACTACTTT-1,7
TCTTGCGCAGAGGAAA-1,5
TCTTGCGGTCCAGCCA-1,8
TCTTTGAGTGGAGAAA-1,7
TGAACGTCAAATGAAC-1,2
TGAACGTGTAACTAAG-1,3
TGAACGTGTCCATAGT-1,1
TGAATGCGTGGACTAG-1,8
TGAATGCTCGACGAGA-1,1
TGAATGCTCGCCGTGA-1,1
TGACAGTTCGAGATGG-1,4
TGACCCTTCTCATTGT-1,1
TGACGCGGTGGCTTAT-1,5
TGACTCCAGTCTCCTC-1,2
TGACTCCCACCATAAC-1,1
TGAGACTAGGCTGAAC-1,3
TGAGCATTCCATTGCC-1,2
TGAGCATTCCTTCACG-1,2
TGAGCATTCGATACTG-1,5
TGAGCATTCTGTCTCG-1,1
TGAGCGCCACTATGTG-1,1
TGAGCGCCAGCATACT-1,1
TGAGCGCTCGTCTAAG-1,2
TGAGGAGTCCATCGTC-1,3
TGAGGGATCAAACGTC-1,4
TGAGGGATCATAAGGA-1,1
TGAGGTTCAAACTAGA-1,1
TGAGGTTCAGGACATG-1,1
TGAGGTTGTAGCTTTG-1,1
TGAGTCACAGAACGCA-1,1
TGAGTCAGTAACCCTA-1,3
TGAGTCAGTCACTCTC-1,1
TGATCAGAGGATTCAA-1,1
TGATGCACAGGGCTTC-1,6
TGATGGTAGACCCGCT-1,2
TGCACGGTCGAGTACT-1,4
TGCAGGCAGCGTTCAT-1,3
TGCAGGCCAGGAATAT-1,5
TGCAGTAAGTAGTCCT-1,4
TGCAGTATCCACATAG-1,1
TGCATCCCACCCAACG-1,6
TGCATGAAGCACCCAC-1,4
TGCGACGAGCGACAGT-1,2
TGCGATAAGAATCGCG-1,3
TGCGGCAAGTGGTGAC-1,3
TGCGGCACAAAGACGC-1,2
TGCTCCACAATCTAGC-1,6
TGCTCGTAGACGAGCT-1,8
TGCTCGTTCCCATTTA-1,7
TGCTGAACAGCACAAG-1,4
TGCTTCGCATAGCTGT-1,1
TGCTTGCGTGAACTAA-1,3
TGGAACTAGCGTCTCG-1,1
TGGAGAGCAGTCAGTT-1,1
TGGAGGAAGTAGGAAG-1,1
TGGATCAGTTCTCCCA-1,1
TGGATGTTCACGGGAA-1,3
TGGCGTGGTGGATTTC-1,2
TGGGAAGTCGATTGGT-1,2
TGGGAGAAGCAAGTGC-1,7
TGGGAGAAGTGGTGGT-1,1
TGGGATTAGTCACGAG-1,2
TGGGATTGTACGATGG-1,1
TGGGCGTAGTGGAATT-1,7
TGGGCTGAGAGGGTCT-1,3
TGGGCTGAGCGTTAGG-1,1
TGGGCTGCATCCGATA-1,4
TGGGCTGGTCGCGGTT-1,2
TGGGTTAGTATTGAGA-1,1
TGGGTTATCAGTAGGG-1,1
TGGTACACAAAGGGTC-1,2
TGGTAGTCAGGCATGA-1,2
TGGTAGTCATCACAGT-1,6
TGGTAGTTCCCTCATG-1,1
TGTACAGAGACTCGAG-1,1
TGTACAGAGTGAGTTA-1,1
TGTACAGGTGGATTTC-1,5
TGTAGACTCCATTTAC-1,1
TGTCAGACACTCACTC-1,5
TGTCCACCAACTGGTT-1,3
TGTCCACTCGCTTACC-1,5
TGTCCCAAGCTCCATA-1,3
TGTCCCAAGGTCATAA-1,7
TGTCCCACATACTTTC-1,4
TGTCCCAGTCAGGCAA-1,1
TGTCCCAGTCGGTGTC-1,1
TGTCCTGGTACTTGTG-1,5
TGTCCTGGTTGGCTAT-1,7
TGTGATGAGCGACTGA-1,2
TGTGATGCATTCTCTA-1,3
TGTGCGGGTCGTCGGT-1,6
TGTGCGGTCACATACG-1,1
TGTGGCGTCGTACCTC-1,2
TGTGTGATCTGACAGT-1,6
TGTTCATAGCTGCCTG-1,3
TGTTCATGTCCTGGGT-1,1
TGTTCCGCAAGTATAG-1,3
TGTTGAGCACAACGAG-1,1
TGTTGAGTCTCGACCT-1,6
TGTTTGTGTGGAAATT-1,1
TTAATCCAGCTACTAC-1,1
TTACAGGGTGATTCTG-1,2
TTACCGCGTCCGAAAG-1,1
TTACGCCCACGTCGTG-1,1
TTACGCCTCAATGCAC-1,3
TTACGTTGTTTACGAC-1,2
TTACGTTTCTCGCTTG-1,2
TTACTGTCATACATCG-1,7
TTACTGTGTAAGAACT-1,6
TTACTGTGTTAAGGGC-1,8
TTAGGGTGTCACATTG-1,2
TTAGTCTCACGTATAC-1,3
TTATTGCCAAACGGCA-1,7
TTATTGCGTACGTAGG-1,1
TTATTGCGTCAACACT-1,6
TTATTGCGTGTCTTCC-1,1
TTCACCGCAGCCCAGT-1,3
TTCACGCGTTAAGTCC-1,6
TTCACGCTCTATCCAT-1,5
TTCAGGAAGATTGGGC-1,3
TTCAGGAGTCTACAAC-1,7
TTCATGTAGGTCATAA-1,4
TTCCACGGTCAACACT-1,8
TTCCGTGCACTCACTC-1,5
TTCCGTGGTTCCAGGC-1,6
TTCCTCTGTACCTGTA-1,1
TTCCTTCAGGTAGTCG-1,7
TTCCTTCAGTAGTCAA-1,4
TTCCTTCGTGACACGA-1,1
TTCGCTGAGGGTTAGC-1,3
TTCGCTGAGGTTCCGC-1,6
TTCGCTGCACTAGTAC-1,5
TTCGCTGTCGGACTGC-1,3
TTCTCTCGTATCGTAC-1,2
TTCTTGAGTCTTGCTC-1,1
TTGACCCGTCTCGGGT-1,8
TTGACCCTCGTAGTGT-1,5
TTGATGGCATAAGATG-1,4
TTGCATTGTGCCTTCT-1,3
TTGCCTGAGAGTGACC-1,1
TTGCCTGAGTGGAAAG-1,1
TTGCCTGGTAGCTGCC-1,1
TTGCTGCCATTGCCGG-1,1
TTGGGATCAACGGGTA-1,2
TTGGGATTCAGGAAGC-1,1
TTGGGATTCTCTCTAA-1,1
TTGGGCGCACGGTGAA-1,2
TTGGGCGGTCGGAAAC-1,3
TTGGGTAGTGCTAGCC-1,1
TTGGGTATCACCGACG-1,1
TTGGTTTCACTGGATT-1,2
TTGTGGATCTAAGAAG-1,3
TTGTGTTGTGTGTCCG-1,4
TTGTTCACACTTGTGA-1,3
TTGTTCACAGTCGCTG-1,1
TTGTTCATCTTTACAC-1,1
TTGTTTGAGGTCGACA-1,3
TTGTTTGTCCAACCGG-1,5
TTTACTGTCACGGGAA-1,6
TTTATGCGTAACATAG-1,2
TTTATGCGTTGATCGT-1,7
TTTCACATCTCAGGCG-1,7
TTTCATGGTGCCTAAT-1,8
TTTCATGTCACTCACC-1,1
TTTCCTCCACAGAGCA-1,1
TTTCCTCTCCTACACC-1,5
TTTCCTCTCTCTTGCG-1,1
TTTGATCTCTTTGGAG-1,2
TTTGGTTAGTAACCTC-1,3
TTTGGTTGTAGAATAC-1,1
